20 news 1000 primeros terminos zipf's

1.0674923744049427
4.1240122385935285
770581.2931010725

novels 1000 primeros terminos zipf's

1.2567744444443574
10.535215347904316
1299751.9784133711

abstract 1000 primeros terminos zipf's

0.7368059856422494
-6.010079795404029
306262.48694856913


novels heaps

4.817698473451542
0.6284141137067659

abstract heaps

2.742668895865271
0.6389772756690411

news heaps

6.785508541934486
0.6306522869498428


countallwords abstract

31418 2594425
43929 3923079
71456 7538908
72905 7998797
74009 8384148
82530 10191409
88020 11507223
88655 11963851

countallwords news

15308 307451
25646 537391
30878 695412
35711 864232
39776 1019014
47765 1267690
52377 1376535
56896 1566406
61008 1735641
64748 1929648
77647 2622462
94202 3506095
103822 4281798
109054 5049113

